00 地板ground
01 红墙
02 角色正
03 角色左
04 角色右
05 角色背
06 黄钥匙
07 蓝钥匙
08 红钥匙
09 黄门
10 蓝门
11 红门
12 01
13 23
14 45
15 67
16 89
17 钱符号
18 HP
19 EXP
20 ATK
21 DEF
22 楼梯up
23 楼梯down 
24 铁门
25 花门
26 黑闪星地板


28 +atk
29 +def
30 +hp
31 ++hp
32 翻倍药水
33 纯黑
34 纯白


44 钥匙盒
45 跳楼机
46 镐
47 飞羽
48 盾3
49 盾2
50 盾1
51 剑3
52 剑2
53 剑1
54 钱币
55 十字架
56 公主
57 小偷
58 钥匙商人
59 白墙 
60 金币商店右NPCmoneyright_3_6
61 金币商店左NPCmoneyleft_1_61
62 金币商店头NPCmoney_3_62
63 经验老头NPCexp_1_63
64(50, 20, 1, 1, 1, "绿头怪")  
65(70, 15, 2, 2, 2, "红头怪") 
66(100, 20, 5, 3, 3, "小蝙蝠") 
67(110, 25, 5, 5, 4, "骷髅人") 
68(200, 35, 10, 5, 5, "青头怪") 
69(150, 40, 20, 8, 6, "骷髅士兵") 
70(125, 50, 25, 10, 7, "初级法师") 
71(150, 65, 30, 10, 8, "大蝙蝠") 
72(300, 75, 45, 13, 10, "兽面人") 
73(400, 90, 50, 15, 12, "骷髅队长") 
74(500, 115, 65, 15, 15, "石头怪人") 
75(250, 120, 70, 20, 17, "麻衣法师") 
76(450, 150, 90, 22, 19, "初级卫兵") 
77(550, 160, 90, 25, 20, "红蝙蝠") 
78(100, 200, 110, 30, 25, "高级法师") 
79(700, 250, 125, 32, 30, "怪王") 
80(1300, 300, 150, 40, 35, "白衣武士") 
81(850, 350, 200, 45, 40, "金卫士") 
82(500, 400, 260, 47, 45, "红衣法师") 
83(900, 450, 330, 50, 50, "兽面武士") 
84(1250, 500, 400, 55, 55, "冥卫兵") 
85(1500, 560, 460, 60, 60, "高级卫兵") 
86(1200, 620, 520, 65, 75, "双手剑士") 
87(2000, 680, 590, 70, 65, "冥战士") 
88(900, 750, 650, 77, 70, "金队长") 
89(1500, 830, 730, 80, 70, "灵法师") 
90(2500, 900, 850, 84, 75, "冥队长") 
91(1200, 980, 900, 88, 75, "灵武士") 
92(3100, 1150, 1050, 92, 80, "影子战士")
93(15000, 1000, 1000, 100, 100, "红衣魔王") 
94(20000, 1333, 1333, 133, 133, "红衣魔王变") 
95(30000, 1700, 1500, 250, 220, "冥灵魔王")       
96(45000, 2550, 2250, 312, 275, "冥灵魔王变") 
97(3333, 1200, 1133, 112, 100, "冥队长变") 
98(1800, 1306, 1200, 117, 100, "灵武士变") 
99(2400, 980, 900, 88, 75, "超灵武士") 
100(2000, 1106, 730, 106, 93, "灵法师变") 
101(1500, 830, 730, 132, 116, "超灵法师") 
102(60000, 3400, 3000, 390, 343, "超冥灵魔王") 
103(99999, 5000, 4000, 0, 0, "血影") 
104(99999, 9999, 5000, 0, 0, "魔龙")   

